// Time [0.25 x ns], Average, StDev (10000 events processed)
0 0 
0 0 
0 0 
0 0 
0 0 
0 0 
0 0 
0 0 
0 0 
0 0 
0 0 
0.0008 7.9996 
0.0096 95.9952 
0.2012 2011.9 
1.1016 11015.4 
0.4609 4608.77 
0.0772 771.961 
0.0065 64.9967 
0.0033 32.9983 
0.0052 51.9974 
0.0027 26.9986 
0.0015 14.9992 
0.0026 25.9987 
0.0027 26.9986 
0.0019 18.999 
0.0007 6.99965 
0.0005 4.99975 
0.001 9.9995 
0.0018 17.9991 
0.0034 33.9983 
0.0006 5.9997 
0 0 
0 0 
0 0 
0 0 
0 0 
0 0 
0 0 
0 0 
0 0 
0 0 
0 0 
0 0 
0 0 
0 0 
0 0 
0 0 
0 0 
0 0 
0 0 
0 0 
0 0 
0 0 
0 0 
0 0 
0 0 
0 0 
0 0 
0 0 
0 0 
0 0 
0 0 
0 0 
0 0 
0 0 
0 0 
0 0 
0 0 
0 0 
0 0 
0 0 
0 0 
0 0 
0 0 
0 0 
0 0 
0 0 
0 0 
0 0 
0 0 
0 0 
0 0 
0 0 
0 0 
0 0 
0 0 
0 0 
0 0 
0 0 
0 0 
0 0 
0 0 
0 0 
0 0 
0 0 
0 0 
0 0 
0 0 
0 0 
0 0 
