// Time [0.25 x ns], Average, StDev (10000 events processed)
0 0 
0 0 
0 0 
0 0 
0 0 
0 0 
0 0 
0 0 
0 0 
0 0 
0 0 
0.5989 0.773886 
8.6978 2.9492 
149.117 12.2114 
1037.21 32.2058 
381.143 19.5229 
57.6724 7.59423 
8.5545 2.92481 
0.9102 0.954044 
0.916 0.957079 
0.6973 0.835045 
0.4657 0.682422 
0.3523 0.593549 
0.2586 0.508527 
0.1926 0.438862 
0.1659 0.407308 
0.1444 0.38 
0.1194 0.345543 
0.1049 0.323883 
0.0782 0.279643 
0.0475 0.217945 
0.007 0.083666 
0.0007 0.0264575 
0 0 
0 0 
0 0 
0 0 
0 0 
0 0 
0 0 
0 0 
0 0 
0 0 
0 0 
0 0 
0 0 
0 0 
0 0 
0 0 
0 0 
0 0 
0 0 
0 0 
0 0 
0 0 
0 0 
0 0 
0 0 
0 0 
0 0 
0 0 
0 0 
0 0 
0 0 
0 0 
0 0 
0 0 
0 0 
0 0 
0 0 
0 0 
0 0 
0 0 
0 0 
0 0 
0 0 
0 0 
0 0 
0 0 
0 0 
0 0 
0 0 
0 0 
0 0 
0 0 
0 0 
0 0 
0 0 
0 0 
0 0 
0 0 
0 0 
0 0 
0 0 
0 0 
0 0 
0 0 
0 0 
0 0 
0 0 
