// Time [0.25 x ns], Average, StDev (10000 events processed)
0 0 
0 0 
0 0 
0 0 
0 0 
0 0 
0 0 
0 0 
0 0 
0 0 
0 0 
0 0 
0.0223 0.149332 
4.9858 2.23289 
26.5472 5.1524 
355.321 18.8499 
799.723 28.2794 
566.21 23.7952 
7.7485 2.78361 
2.5715 1.60359 
1.3298 1.15317 
0.8038 0.896549 
0.5969 0.772593 
0.4176 0.64622 
0.296 0.544059 
0.2205 0.469574 
0.1603 0.400375 
0.1406 0.374967 
0.1227 0.350286 
0.1129 0.336006 
0.0989 0.314484 
0.0651 0.255147 
0.0246 0.156844 
0.001 0.0316228 
0.0001 0.01 
0.0002 0.0141421 
0 0 
0 0 
0 0 
0 0 
0 0 
0 0 
0 0 
0 0 
0 0 
0 0 
0 0 
0 0 
0 0 
0 0 
0 0 
0 0 
0 0 
0 0 
0 0 
0 0 
0 0 
0 0 
0 0 
0 0 
0 0 
0 0 
0 0 
0 0 
0 0 
0 0 
0 0 
0 0 
0 0 
0 0 
0 0 
0 0 
0 0 
0 0 
0 0 
0 0 
0 0 
0 0 
0 0 
0 0 
0 0 
0 0 
0 0 
0 0 
0 0 
0 0 
0 0 
0 0 
0 0 
0 0 
0 0 
0 0 
0 0 
0 0 
0 0 
0 0 
0 0 
0 0 
0 0 
0 0 
