// Time [0.25 x ns], Average, StDev (10000 events processed)
0 0 
0 0 
0 0 
0 0 
0 0 
0 0 
0 0 
0 0 
0 0 
0 0 
0 0 
0.7544 0.868562 
9.7078 3.11573 
178.981 13.3784 
1121.36 33.4866 
326.949 18.0817 
64.0335 8.00209 
9.0604 3.01005 
0.9501 0.974731 
0.997 0.998499 
0.7211 0.849176 
0.5563 0.745855 
0.3899 0.62442 
0.3417 0.584551 
0.2667 0.51643 
0.2002 0.447437 
0.1788 0.422847 
0.1437 0.379078 
0.1407 0.3751 
0.1079 0.328481 
0.0505 0.224722 
0.0046 0.0678233 
0.0001 0.01 
0 0 
0 0 
0 0 
0 0 
0 0 
0 0 
0 0 
0 0 
0 0 
0 0 
0 0 
0 0 
0 0 
0 0 
0 0 
0 0 
0 0 
0 0 
0 0 
0 0 
0 0 
0 0 
0 0 
0 0 
0 0 
0 0 
0 0 
0 0 
0 0 
0 0 
0 0 
0 0 
0 0 
0 0 
0 0 
0 0 
0 0 
0 0 
0 0 
0 0 
0 0 
0 0 
0 0 
0 0 
0 0 
0 0 
0 0 
0 0 
0 0 
0 0 
0 0 
0 0 
0 0 
0 0 
0 0 
0 0 
0 0 
0 0 
0 0 
0 0 
0 0 
0 0 
0 0 
0 0 
0 0 
0 0 
0 0 
