// Time [0.25 x ns], Average, StDev (10000 events processed)
0 0 
0 0 
0 0 
0 0 
0 0 
0 0 
0 0 
0 0 
0 0 
0 0 
0 0 
0.7607 0.872181 
9.7927 3.12933 
182.98 13.527 
1097.57 33.1296 
345.024 18.5748 
64.7127 8.04442 
8.9766 2.9961 
1.0166 1.00827 
0.9435 0.971339 
0.6553 0.809506 
0.4721 0.687095 
0.3792 0.615792 
0.3155 0.561694 
0.2632 0.51303 
0.2257 0.475079 
0.2113 0.459674 
0.1528 0.390896 
0.1102 0.331964 
0.0967 0.310966 
0.0538 0.231948 
0.0067 0.0818535 
0.0001 0.01 
0 0 
0 0 
0.0001 0.01 
0 0 
0 0 
0 0 
0 0 
0 0 
0 0 
0 0 
0 0 
0 0 
0 0 
0 0 
0 0 
0 0 
0 0 
0 0 
0 0 
0 0 
0 0 
0 0 
0 0 
0 0 
0 0 
0 0 
0 0 
0 0 
0 0 
0 0 
0 0 
0 0 
0 0 
0 0 
0 0 
0 0 
0 0 
0 0 
0 0 
0 0 
0 0 
0 0 
0 0 
0 0 
0 0 
0 0 
0 0 
0 0 
0 0 
0 0 
0 0 
0 0 
0 0 
0 0 
0 0 
0 0 
0 0 
0 0 
0 0 
0 0 
0 0 
0 0 
0 0 
0 0 
0 0 
0 0 
0 0 
