// Time [0.25 x ns], Average, StDev (10000 events processed)
0 0 
0 0 
0 0 
0 0 
0 0 
0 0 
0 0 
0 0 
0 0 
0 0 
0 0 
0.734 0.856738 
9.8998 3.14639 
185.64 13.625 
1068.47 32.6874 
372.563 19.3019 
64.4144 8.02586 
9.0357 3.00594 
1.0291 1.01445 
1.0276 1.01371 
0.7406 0.860581 
0.52 0.72111 
0.434 0.658787 
0.356 0.596657 
0.2392 0.489081 
0.1947 0.441248 
0.162 0.402492 
0.1437 0.379078 
0.1213 0.348281 
0.0979 0.31289 
0.0419 0.204695 
0.0053 0.0728011 
0.0001 0.01 
0.0002 0.0141421 
0 0 
0 0 
0 0 
0 0 
0 0 
0 0 
0.0001 0.01 
0 0 
0 0 
0 0 
0 0 
0 0 
0 0 
0 0 
0 0 
0 0 
0 0 
0 0 
0 0 
0 0 
0 0 
0 0 
0 0 
0 0 
0 0 
0 0 
0 0 
0 0 
0 0 
0 0 
0 0 
0 0 
0 0 
0 0 
0 0 
0 0 
0 0 
0 0 
0 0 
0 0 
0 0 
0 0 
0 0 
0 0 
0 0 
0 0 
0 0 
0 0 
0 0 
0 0 
0 0 
0 0 
0 0 
0 0 
0 0 
0 0 
0 0 
0 0 
0 0 
0 0 
0 0 
0 0 
0 0 
0 0 
0 0 
0 0 
