// Time [0.25 x ns], Average, StDev (100000 events processed)
0 0 
0 0 
0 0 
0 0 
0 0 
0 0 
0 0 
0 0 
0 0 
6e-05 0.00774597 
0 0 
0 0 
2.55809 1.5994 
10.5738 3.25174 
281.078 16.7654 
1167.75 34.1723 
106.078 10.2994 
12.9403 3.59727 
0.65704 0.81058 
0.38222 0.618239 
0.37343 0.611089 
0.24817 0.498167 
0.17335 0.416353 
0.12493 0.353454 
0.0998 0.315911 
0.07743 0.278262 
0.0621 0.249199 
0.05453 0.233517 
0.04385 0.209404 
0.03952 0.198796 
0.03138 0.177144 
0.01781 0.133454 
0.00236 0.0485798 
0 0 
0 0 
0 0 
0 0 
0 0 
0 0 
0 0 
0 0 
0 0 
0 0 
0 0 
0 0 
0 0 
0 0 
0 0 
0 0 
0 0 
0 0 
0 0 
0 0 
0 0 
0 0 
0 0 
0 0 
0 0 
0 0 
0 0 
0 0 
0 0 
0 0 
0 0 
0 0 
0 0 
0 0 
0 0 
0 0 
0 0 
0 0 
0 0 
0 0 
0 0 
0 0 
0 0 
0 0 
0 0 
0 0 
0 0 
0 0 
0 0 
0 0 
0 0 
0 0 
0 0 
0 0 
0 0 
0 0 
0 0 
0 0 
0 0 
0 0 
0 0 
0 0 
0 0 
0 0 
0 0 
0 0 
0 0 
