// Time [0.25 x ns], Average, StDev (10000 events processed)
0 0 
0 0 
0 0 
0 0 
0 0 
0 0 
0 0 
0 0 
0 0 
0 0 
0 0 
1.9419 1.39352 
45.7953 6.76722 
670.082 25.8859 
2481.6 49.8157 
2032.23 45.0802 
619.879 24.8974 
67.1245 8.19295 
18.4631 4.29687 
15.9283 3.99103 
12.166 3.48798 
9.2788 3.04611 
7.7003 2.77494 
6.3252 2.515 
5.3278 2.3082 
4.6074 2.14649 
4.2119 2.05229 
3.9146 1.97853 
3.5229 1.87694 
2.768 1.66373 
1.5176 1.23191 
0.2474 0.497393 
0.0261 0.161555 
0.0112 0.10583 
0.006 0.0774597 
0.0015 0.0387298 
0.0018 0.0424264 
0.0011 0.0331662 
0.0001 0.01 
0.0001 0.01 
0.0002 0.0141421 
0 0 
0 0 
0 0 
0 0 
0 0 
0 0 
0 0 
0 0 
0 0 
0 0 
0 0 
0 0 
0 0 
0 0 
0 0 
0 0 
0 0 
0 0 
0 0 
0 0 
0 0 
0 0 
0 0 
0 0 
0 0 
0 0 
0 0 
0 0 
0 0 
0 0 
0 0 
0 0 
0 0 
0 0 
0 0 
0 0 
0 0 
0 0 
0 0 
0 0 
0 0 
0 0 
0 0 
0 0 
0 0 
0 0 
0 0 
0 0 
0 0 
0 0 
0 0 
0 0 
0 0 
0 0 
0 0 
0 0 
0 0 
0 0 
0 0 
